aaaagaa 0.0017307341956640553 0.0006525660296921035 0.0003137875521842342 0.00010760534985738134
agcctg 9.108297659167502e-05 0.0001498181644003527 0.0008185650554577825 0.00017375206422930633
aggctg 9.108297659167502e-05 0.0001498181644003527 0.0010232063193222282 0.00019424081924233566
atccaaa 0.0007287301876480233 0.00042365321404248287 5.457174820595378e-05 4.488035049240232e-05
cctgg 0.000273224043715847 0.0002594454051368394 0.0016098226466575716 0.00024356641172611177
ctccc 0.00018214936247723133 0.0002118459351093781 0.0012824010914051843 0.0002174260233618034
ctggg 9.107468123861566e-05 0.00014980451975878619 0.0018281036834924965 0.0002595262627593751
gaagaac 0.0006376389141920204 0.0003963093565285546 4.092881115446533e-05 3.886778880432434e-05
ggtga 9.107468123861566e-05 0.00014980451975878619 0.0010777626193724421 0.00019934513025689465
taggc 9.107468123861566e-05 0.00014980451975878619 0.0009004092769440655 0.00018222275270594613
tattttt 9.109127345600292e-05 0.00014983181152773478 0.0008731479712952605 0.0001794479069398627
tccct 9.107468123861566e-05 0.00014980451975878619 0.0011050477489768077 0.0002018499579657997
tgaagaa 0.0013663691018400437 0.000579925939622235 0.00019100111872083822 8.395771942234323e-05
tttttaa 9.109127345600292e-05 0.00014983181152773478 0.0007776474119348413 0.00016935834178920955
tttttt 0.00027324892977502506 0.00025946903404343075 0.002291982155281791 0.0002905283660597117
exons prob sum: 0.005920741960362065,	intron prob sum: 0.014188385210405963