agcctg 9.108297659167502e-05 0.00015945769844723283 0.0008185650554577825 0.00018493154266943973
aggctg 9.108297659167502e-05 0.00015945769844723283 0.0010232063193222282 0.0002067385760922786
atccaaa 0.0007287301876480233 0.0004509117216952645 5.457174820595378e-05 4.77680221464972e-05
ctccc 0.00018214936247723133 0.0002254764325350641 0.0012824010914051843 0.00023141555235691987
ctggg 9.107468123861566e-05 0.00015944317588817574 0.0018281036834924965 0.00027622458673058154
gaagaac 0.0006376389141920204 0.0004218085177994503 4.092881115446533e-05 4.1368602874539645e-05
ggtga 9.107468123861566e-05 0.00015944317588817574 0.0010777626193724421 0.00021217130642773663
taggc 9.107468123861566e-05 0.00015944317588817574 0.0009004092769440655 0.00019394724843619187
tattttt 9.109127345600292e-05 0.00015947222365204677 0.0008731479712952605 0.00019099386477155613
tccct 9.107468123861566e-05 0.00015944317588817574 0.0011050477489768077 0.00021483729865282836
tgaagaa 0.0013663691018400437 0.0006172392778414845 0.00019100111872083822 8.935968985836722e-05
tttttt 0.00027324892977502506 0.0002761636758299167 0.002291982155281791 0.00030922141364460423
exons prob sum: 0.0038256924475261593,	intron prob sum: 0.011487127599629315