50.0 1.5
50.0 1.75
50.0 2.0
50.0 2.25
50.0 2.5
50.0 2.75
50.0 3.0
50.0 3.25
50.0 3.5
50.0 3.75
50.0 4.0
50.0 4.25
50.0 4.5
50.0 4.75
50.0 5.0
50.0 5.25
50.0 5.5
50.0 5.75
50.0 6.0
50.0 6.25
51.0 1.5
51.0 1.75
51.0 2.0
51.0 2.25
51.0 2.5
51.0 2.75
51.0 3.0
51.0 3.25
51.0 3.5
51.0 3.75
51.0 4.0
51.0 4.25
51.0 4.5
51.0 4.75
51.0 5.0
51.0 5.25
51.0 5.5
51.0 5.75
51.0 6.0
51.0 6.25
52.0 1.5
52.0 1.75
52.0 2.0
52.0 2.25
52.0 2.5
52.0 2.75
52.0 3.0
52.0 3.25
52.0 3.5
52.0 3.75
52.0 4.0
52.0 4.25
52.0 4.5
52.0 4.75
52.0 5.0
52.0 5.25
52.0 5.5
52.0 5.75
52.0 6.0
53.0 1.5
53.0 1.75
53.0 2.0
53.0 2.25
53.0 2.5
53.0 2.75
53.0 3.0
53.0 3.25
53.0 3.5
53.0 3.75
53.0 4.0
53.0 4.25
53.0 4.5
53.0 4.75
53.0 5.0
53.0 5.25
53.0 5.5
54.0 1.5
54.0 1.75
54.0 2.0
54.0 2.25
54.0 2.5
54.0 2.75
54.0 3.0
54.0 3.25
54.0 3.5
54.0 3.75
54.0 4.0
54.0 4.25
54.0 4.5
54.0 4.75
54.0 5.0
54.0 5.25
55.0 1.5
55.0 1.75
55.0 2.0
55.0 2.25
55.0 2.5
55.0 2.75
55.0 3.0
55.0 3.25
55.0 3.5
55.0 3.75
55.0 4.0
55.0 4.25
55.0 4.5
55.0 4.75
55.0 5.0
56.0 1.5
56.0 1.75
56.0 2.0
56.0 2.25
56.0 2.5
56.0 2.75
56.0 3.0
56.0 3.25
56.0 3.5
56.0 3.75
56.0 4.0
56.0 4.25
56.0 4.5
56.0 4.75
57.0 1.5
57.0 1.75
57.0 2.0
57.0 2.25
57.0 2.5
57.0 2.75
57.0 3.0
57.0 3.25
57.0 3.5
57.0 3.75
57.0 4.0
57.0 4.25
57.0 4.5
58.0 1.5
58.0 1.75
58.0 2.0
58.0 2.25
58.0 2.5
58.0 2.75
58.0 3.0
58.0 3.25
58.0 3.5
58.0 3.75
58.0 4.0
58.0 4.25
59.0 1.5
59.0 1.75
59.0 2.0
59.0 2.25
59.0 2.5
59.0 2.75
59.0 3.0
59.0 3.25
59.0 3.5
59.0 3.75
59.0 4.0
60.0 1.5
60.0 1.75
60.0 2.0
60.0 2.25
60.0 2.5
60.0 2.75
60.0 3.0
60.0 3.25
60.0 3.5
60.0 3.75
61.0 1.5
61.0 1.75
61.0 2.0
61.0 2.25
61.0 2.5
61.0 2.75
61.0 3.0
61.0 3.25
61.0 3.5
61.0 3.75
62.0 1.5
62.0 1.75
62.0 2.0
62.0 2.25
62.0 2.5
62.0 2.75
62.0 3.0
62.0 3.25
62.0 3.5
62.0 3.75
63.0 1.5
63.0 1.75
63.0 2.0
63.0 2.25
63.0 2.5
63.0 2.75
63.0 3.0
63.0 3.25
63.0 3.5
63.0 3.75
64.0 1.5
64.0 1.75
64.0 2.0
64.0 2.25
64.0 2.5
64.0 2.75
64.0 3.0
64.0 3.25
64.0 3.5
65.0 1.5
65.0 1.75
65.0 2.0
65.0 2.25
65.0 2.5
65.0 2.75
65.0 3.0
65.0 3.25
65.0 3.5
66.0 1.5
66.0 1.75
66.0 2.0
66.0 2.25
66.0 2.5
66.0 2.75
66.0 3.0
66.0 3.25
66.0 3.5
67.0 1.5
67.0 1.75
67.0 2.0
67.0 2.25
67.0 2.5
67.0 2.75
67.0 3.0
67.0 3.25
68.0 1.5
68.0 1.75
68.0 2.0
68.0 2.25
68.0 2.5
68.0 2.75
68.0 3.0
68.0 3.25
69.0 1.5
69.0 1.75
69.0 2.0
69.0 2.25
69.0 2.5
69.0 2.75
69.0 3.0
69.0 3.25
70.0 1.5
70.0 1.75
70.0 2.0
70.0 2.25
70.0 2.5
70.0 2.75
70.0 3.0
71.0 1.5
71.0 1.75
71.0 2.0
71.0 2.25
71.0 2.5
71.0 2.75
71.0 3.0
72.0 1.5
72.0 1.75
72.0 2.0
72.0 2.25
72.0 2.5
72.0 2.75
72.0 3.0
73.0 1.5
73.0 1.75
73.0 2.0
73.0 2.25
73.0 2.5
73.0 2.75
74.0 1.5
74.0 1.75
74.0 2.0
74.0 2.25
74.0 2.5
74.0 2.75
75.0 1.5
75.0 1.75
75.0 2.0
75.0 2.25
75.0 2.5
75.0 2.75
76.0 1.5
76.0 1.75
76.0 2.0
76.0 2.25
76.0 2.5
76.0 2.75
77.0 1.5
77.0 1.75
77.0 2.0
77.0 2.25
77.0 2.5
78.0 1.5
78.0 1.75
78.0 2.0
78.0 2.25
78.0 2.5
79.0 1.5
79.0 1.75
79.0 2.0
79.0 2.25
79.0 2.5
80.0 1.5
80.0 1.75
80.0 2.0
80.0 2.25
80.0 2.5
81.0 1.5
81.0 1.75
81.0 2.0
81.0 2.25
81.0 2.5
82.0 1.5
82.0 1.75
82.0 2.0
82.0 2.25
83.0 1.5
83.0 1.75
83.0 2.0
83.0 2.25
84.0 1.5
84.0 1.75
84.0 2.0
84.0 2.25
85.0 1.5
85.0 1.75
85.0 2.0
85.0 2.25
86.0 1.5
86.0 1.75
86.0 2.0
87.0 1.5
87.0 1.75
87.0 2.0
88.0 1.5
88.0 1.75
88.0 2.0
89.0 1.5
89.0 1.75
89.0 2.0
90.0 1.5
90.0 1.75
90.0 2.0
91.0 1.5
91.0 1.75
92.0 1.5
92.0 1.75
93.0 1.5
93.0 1.75
94.0 1.5
94.0 1.75
95.0 1.5
96.0 1.5
97.0 1.5
98.0 1.5
